Usuari: 	27/10/2024 4:03:17

        Temps (s)      t.gran 0cm      t.gran 10cm     t.gran 15cm      t.petita 0cm    t.petita 10cm   t.petita 20cm  
	9.173000	80.350494	70.705017	67.103569	95.339691	77.822166	65.463844
	17.798000	80.492752	70.728775	67.092720	95.651039	77.811111	65.382111
	26.222000	80.698746	70.683807	67.113312	95.997917	77.898857	65.316483
	34.647000	80.926720	70.850334	67.084099	96.401688	78.009239	65.289803
	43.073000	81.068108	70.715538	67.007469	96.690254	78.037720	65.215996
	51.498000	81.258415	70.801994	66.989639	97.062782	78.141418	65.215431
	59.921000	81.471939	70.867882	67.067719	97.497650	78.257355	65.184914
	68.345000	81.645950	70.910774	67.012253	97.804718	78.316910	65.142212
	76.770000	81.895378	70.967865	67.042320	98.186600	78.407288	65.154694
	85.196000	82.084534	70.977737	66.963226	98.599716	78.573563	65.105057
	93.619000	82.275345	71.084381	67.068336	98.977058	78.685661	65.137451
	102.043000	82.461784	71.115372	67.089485	99.360550	78.830818	65.145584
	110.468000	82.738281	71.226509	67.084435	99.786873	78.962349	65.180222
	118.891000	82.914719	71.281181	67.152893	100.155807	79.113770	65.205414
	127.314000	83.135399	71.338585	67.198189	100.594978	79.292740	65.261604
	135.739000	83.374687	71.438629	67.193962	100.988205	79.469978	65.289696
	144.160000	83.614418	71.582184	67.275467	101.373581	79.635239	65.302109
	152.582000	83.773346	71.640877	67.283516	101.781395	79.824753	65.379639
	161.006000	83.979576	71.755058	67.365677	102.156288	80.014763	65.423485
	169.430000	84.096481	71.812065	67.377541	102.464607	80.207832	65.443306
	177.855000	84.249710	71.882225	67.447060	102.747444	80.372116	65.507034
	186.279000	84.276955	71.986679	67.476601	102.966118	80.546288	65.588013
	194.701000	84.359650	72.105957	67.608574	103.176979	80.753242	65.639839
	203.126000	84.334122	72.162476	67.646324	103.284126	80.861862	65.673309
	211.551000	84.421112	72.301872	67.721367	103.374107	81.062309	65.752792
	219.976000	84.368469	72.397301	67.750832	103.420624	81.230621	65.864807
	228.401000	84.408096	72.461647	67.842056	103.471779	81.423286	65.969528
	236.823000	84.336937	72.483124	67.901367	103.441902	81.551804	65.989403
	245.247000	84.226593	72.571777	67.916931	103.328606	81.683739	66.092522
	253.669000	84.200241	72.626785	67.979546	103.241585	81.810562	66.160248
	262.092000	84.072800	72.667412	68.058029	103.137192	81.890358	66.224945
	270.514000	84.086426	72.811630	68.176643	102.965599	81.958900	66.266228
	278.936000	83.833160	72.750824	68.165794	102.747040	81.962715	66.342758
	287.362000	83.707634	72.770210	68.176018	102.542099	82.025650	66.431641
	295.786000	83.514038	72.794678	68.198662	102.307037	82.075378	66.477501
	304.208000	83.420898	72.823273	68.249054	102.047668	82.133728	66.583801
	312.630000	83.290985	72.866669	68.292030	101.825783	82.159126	66.666779
	321.056000	83.128662	72.853630	68.322990	101.491013	82.123253	66.690521
	329.479000	82.897942	72.879463	68.335091	101.198723	82.065804	66.741302
	337.903000	82.731056	72.854057	68.380966	100.838562	82.012863	66.817230
	346.326000	82.594505	72.858498	68.452820	100.546097	82.021858	66.880112
	354.750000	82.393333	72.786224	68.353661	100.221321	81.979691	66.893196
	363.173000	82.164932	72.777679	68.413673	99.863670	81.872444	66.823982
	371.598000	81.996735	72.708321	68.368813	99.504883	81.830963	66.889580
	380.022000	81.773750	72.673340	68.371170	99.138451	81.695389	66.877563
	388.444000	81.543144	72.623619	68.357193	98.747879	81.611626	66.857063
	396.868000	81.323395	72.527451	68.345573	98.384598	81.471741	66.904243
	405.292000	81.029701	72.476974	68.309746	97.992805	81.378830	66.916786
	413.717000	80.902664	72.385712	68.258789	97.583961	81.199905	66.893494
	422.141000	80.653801	72.331230	68.221008	97.186165	81.111671	66.912308
	430.564000	80.508720	72.237511	68.277184	96.835548	80.995377	66.926208
	438.989000	80.239075	72.199814	68.210571	96.430305	80.806091	66.957207
	447.411000	79.974060	72.121826	68.141258	95.936974	80.619102	66.830429
	455.836000	79.738869	71.969849	68.112091	95.603989	80.493828	66.906891
	464.260000	79.549103	71.909119	68.059349	95.187904	80.323334	66.891556
	472.683000	79.360893	71.857948	68.023514	94.755730	80.147301	66.831673
	481.106000	79.114777	71.743370	67.968025	94.375977	80.005074	66.781105
	489.531000	78.954536	71.649590	67.886574	94.045692	79.839203	66.750870
	497.953000	78.829361	71.508827	67.875519	93.707207	79.650223	66.700974
	506.376000	78.726410	71.477142	67.838074	93.437027	79.419510	66.676262
	514.799000	78.563957	71.256699	67.624168	93.155777	79.239601	66.578773
	523.222000	78.552505	71.249596	67.677361	93.015465	79.072960	66.490662
	531.648000	78.472168	71.132355	67.617386	92.847260	78.855125	66.405663
	540.072000	78.508049	71.131577	67.533821	92.795525	78.696556	66.316902
	548.495000	78.537575	70.971817	67.520500	92.722649	78.535240	66.263466
	556.920000	78.545036	70.901344	67.427971	92.740112	78.412407	66.138908
	565.344000	78.635078	70.876358	67.418335	92.766647	78.279366	66.108727
	573.768000	78.666512	70.766159	67.294777	92.859779	78.141891	66.033730
	582.190000	78.740036	70.738388	67.316750	92.945061	78.044716	65.936676
	590.614000	78.905914	70.672821	67.230278	93.116844	77.958817	65.967445
	599.036000	79.046471	70.673370	67.198715	93.297386	77.929054	65.896141
	607.460000	79.065422	70.590569	67.136513	93.500893	77.845169	65.786919
	615.886000	79.202095	70.603020	67.094162	93.668076	77.767014	65.699051
	624.308000	79.416367	70.578735	67.055641	93.923698	77.756111	65.586044
	632.731000	79.567574	70.567459	67.048027	94.204422	77.737396	65.534050
	641.153000	79.637993	70.482491	66.970810	94.526062	77.756676	65.516640
	649.577000	79.868988	70.540245	66.978363	94.778488	77.757843	65.497620
	658.001000	80.043755	70.570160	66.929886	95.076897	77.799057	65.396645
	666.425000	80.211288	70.583687	66.992943	95.423409	77.787285	65.324982
	674.849000	80.477943	70.625954	66.952232	95.782112	77.839622	65.338608
	683.271000	80.642525	70.639725	66.930229	96.120102	77.918945	65.316406
	691.694000	80.789459	70.621414	66.902962	96.471344	78.005241	65.297043
	700.118000	81.189232	70.722511	66.929817	96.857216	78.099808	65.293762
	708.541000	81.270294	70.763680	66.932953	97.276718	78.240593	65.339745
	716.965000	81.512321	70.834702	66.947136	97.671745	78.381477	65.405090
	725.390000	81.745239	70.911034	66.993027	98.020958	78.476059	65.293289
	733.815000	81.952164	70.967102	67.045921	98.411179	78.539413	65.224815
	742.239000	82.086159	70.963547	66.952240	98.845779	78.705238	65.256851
	750.660000	82.383957	71.086159	67.079742	99.230919	78.863998	65.270340
	759.084000	82.571419	71.142685	67.105354	99.601913	79.004021	65.251541
	767.508000	82.754990	71.176987	67.033722	100.040886	79.152206	65.334961
	775.933000	83.009178	71.323120	67.166420	100.431946	79.286385	65.329575
	784.357000	83.250122	71.437431	67.209946	100.851074	79.460732	65.357063
	792.781000	83.436813	71.462906	67.180641	101.261078	79.674538	65.372192
	801.204000	83.729980	71.607162	67.300224	101.704529	79.853165	65.441803
	809.635000	83.904861	71.713165	67.353569	102.120018	80.062630	65.518188
	818.055000	84.072304	71.770714	67.403351	102.417770	80.213371	65.469490
	826.480000	84.235764	71.894180	67.475533	102.746048	80.384491	65.496483
	834.905000	84.330864	71.917236	67.467651	103.065331	80.603027	65.576195
	843.329000	84.351715	72.018059	67.469254	103.269806	80.768112	65.653801
	851.753000	84.467537	72.172501	67.690521	103.465851	80.974327	65.767509
	860.177000	84.489403	72.255753	67.639000	103.586662	81.120773	65.838150
	868.602000	84.505051	72.350685	67.784897	103.672661	81.294357	65.873985
	877.026000	84.486549	72.381920	67.780380	103.759560	81.469963	65.991684
	885.448000	84.495697	72.501266	67.909897	103.758698	81.637589	66.040154
	893.871000	84.456108	72.632202	67.955620	103.695389	81.750832	66.109650
	902.294000	84.402870	72.728401	68.049355	103.577118	81.856293	66.186279
	910.717000	84.275398	72.712189	68.111992	103.468468	81.926605	66.283920
	919.138000	84.179222	72.741432	68.118103	103.308434	81.989464	66.405991
	927.563000	84.118790	72.870323	68.217964	103.167549	82.121536	66.458534
	935.986000	83.935379	72.807594	68.176277	102.989212	82.256302	66.567444
	944.409000	83.824272	72.880798	68.246780	102.802399	82.285889	66.638557
	952.832000	83.751373	72.953003	68.323830	102.559113	82.296089	66.707474
	961.255000	83.547791	72.959236	68.377762	102.265022	82.317238	66.721977
	969.681000	83.385345	72.954094	68.409302	102.012123	82.305222	66.751701
	978.104000	83.251549	72.915031	68.416748	101.705276	82.272591	66.801842
	986.531000	83.047829	72.974266	68.475327	101.380356	82.261612	66.820000
	994.960000	82.862503	72.962746	68.444321	101.101288	82.268860	66.945351
	1003.389000	82.673271	72.906067	68.490540	100.745781	82.212738	67.015564
	1011.818000	82.442253	72.852303	68.415886	100.446884	82.192177	67.112404
	1020.245000	82.309448	72.786018	68.452278	100.085297	82.117966	67.122116
	1028.673000	82.051727	72.772690	68.436188	99.688782	82.009209	67.108025
	1037.101000	81.878548	72.743256	68.512886	99.345078	81.940285	67.131729
	1045.530000	81.640312	72.718674	68.466286	98.944359	81.822838	67.106659
	1053.957000	81.417908	72.624672	68.374069	98.570976	81.720619	67.131897
	1062.384000	81.181496	72.543022	68.406548	98.187065	81.535873	67.096367
	1070.812000	80.981834	72.519394	68.356773	97.750336	81.392731	67.098557
	1079.239000	80.743584	72.419388	68.335808	97.386444	81.260780	67.101166
	1087.868000	80.498810	72.351112	68.286301	96.989555	81.167908	67.104790
	1096.296000	80.325600	72.270287	68.265038	96.585457	80.990318	67.086273
	1104.722000	80.102043	72.203049	68.274109	96.195030	80.890686	67.043694
	1113.146000	79.860970	72.129974	68.187698	95.743828	80.693123	67.046677
	1121.568000	79.684120	72.066574	68.143745	95.388405	80.533791	67.048012
	1129.991000	79.424469	71.987053	68.133430	94.953156	80.372124	67.017204
	1138.413000	79.206535	71.817253	68.075890	94.575394	80.152611	66.938820
	1146.837000	79.114861	71.750099	68.010307	94.208778	79.970978	66.873337
	1155.261000	78.932899	71.670563	67.954796	93.900970	79.826324	66.838898
	1163.685000	78.873344	71.568390	67.911720	93.607391	79.589722	66.737892
	1172.106000	78.778954	71.477432	67.896843	93.398308	79.430870	66.730293
	1180.531000	78.754044	71.370026	67.780434	93.218399	79.295822	66.678154
	1188.954000	78.695671	71.304085	67.702759	93.091988	79.099716	66.582809
	1197.376000	78.687637	71.247002	67.628227	93.026001	78.919373	66.575470
	1205.802000	78.674789	71.095062	67.601387	92.998367	78.778854	66.436676
	1214.226000	78.738190	71.019585	67.479324	92.979179	78.591545	66.292534
	1222.652000	78.761108	70.944649	67.484367	93.029846	78.464447	66.229309
	1231.074000	78.866211	70.921188	67.450584	93.124535	78.336075	66.215500
	1239.501000	78.915588	70.835594	67.348190	93.264328	78.306969	66.177185
	1247.926000	79.029419	70.812149	67.350418	93.369240	78.194489	66.068268
	1256.353000	79.182976	70.800476	67.340584	93.573311	78.142792	66.022255
	1264.778000	79.235405	70.693634	67.263489	93.785622	78.102943	65.914230
	1273.203000	79.461349	70.708984	67.217155	93.968918	78.016090	65.830490
	1281.630000	79.517509	70.707161	67.144707	94.212280	78.037384	65.808228
	1290.049000	79.714996	70.702515	67.128586	94.507050	77.973969	65.766541
	1298.474000	79.872932	70.672302	67.108673	94.782890	77.965927	65.731873
	1306.902000	79.999474	70.666832	67.090370	95.080009	78.002190	65.660812
	1315.325000	80.205292	70.684486	67.082573	95.397980	77.998444	65.596725
	1323.749000	80.409584	70.658211	67.024872	95.727654	78.028992	65.513069
	1332.171000	80.585487	70.700729	67.036446	96.044617	78.096107	65.491486
	1340.596000	80.786598	70.715263	67.004211	96.406960	78.192764	65.383850
	1349.020000	80.964890	70.818375	67.069542	96.716537	78.247398	65.401840
	1357.442000	81.174652	70.815887	67.036781	97.167480	78.345024	65.431679
	1365.865000	81.401833	70.875031	67.120964	97.487480	78.436974	65.411324
	1374.289000	81.641243	70.919586	67.079094	97.837074	78.540428	65.387566
	1382.713000	81.804695	71.001869	67.085297	98.236176	78.637619	65.402977
	1391.138000	82.047722	71.025970	67.094269	98.623795	78.771667	65.467888
	1399.562000	82.199959	71.127045	67.112396	98.989563	78.924271	65.418549
	1407.986000	82.507545	71.216110	67.145119	99.401764	79.007446	65.452736
	1416.407000	82.688126	71.275841	67.182869	99.781219	79.185669	65.429489
	1424.831000	82.902000	71.340889	67.260567	100.216667	79.337868	65.440071
	1433.253000	83.126236	71.426132	67.255058	100.612877	79.479874	65.477631
	1441.678000	83.320503	71.494934	67.276901	101.011055	79.685638	65.511551
	1450.101000	83.610641	71.635933	67.346901	101.407639	79.835663	65.579376
	1458.525000	83.763962	71.723846	67.388779	101.817162	79.979225	65.635437
	1466.948000	83.993073	71.808647	67.431908	102.157013	80.163300	65.708199
	1475.371000	84.128128	71.881264	67.472244	102.497093	80.317772	65.707512
	1483.793000	84.229591	71.938660	67.529442	102.824638	80.561035	65.756462
	1492.216000	84.330017	72.107506	67.619064	103.065392	80.735558	65.753357
	1500.640000	84.445473	72.195374	67.678322	103.273941	80.902168	65.891197
	1509.063000	84.497047	72.244385	67.728050	103.444229	81.086502	65.944923
	1517.486000	84.497910	72.367142	67.736931	103.548805	81.279877	65.993698
	1525.908000	84.558159	72.475227	67.870308	103.643539	81.446770	66.120094
	1534.331000	84.452591	72.459595	67.842735	103.659912	81.587029	66.155853
	1542.754000	84.532944	72.658325	68.037010	103.669228	81.725571	66.173370
	1551.178000	84.436050	72.683426	68.019707	103.635460	81.852745	66.241447
	1559.602000	84.374458	72.727066	68.081032	103.526543	81.954430	66.339516
	1568.025000	84.287590	72.790817	68.128304	103.393814	82.112473	66.421265
	1576.448000	84.174980	72.864838	68.177841	103.235649	82.129280	66.479362
	1584.869000	84.107208	72.912369	68.271255	103.060120	82.182259	66.572723
	1593.294000	83.922745	72.893265	68.325050	102.892189	82.227394	66.664207
	1601.717000	83.767029	72.949394	68.327103	102.662598	82.289009	66.738922
	1610.140000	83.558105	72.942276	68.307602	102.433197	82.375786	66.840866
	1618.566000	83.451645	72.914482	68.406120	102.134415	82.365440	66.867439
	1626.989000	83.338287	72.985207	68.456474	101.863739	82.339417	66.943680
	1635.412000	83.153069	72.971741	68.419624	101.572250	82.330055	66.948997
	1643.838000	82.946838	72.932457	68.481873	101.254036	82.296150	66.970810
	1652.264000	82.736977	72.907181	68.432060	100.939079	82.234009	67.035698
	1660.688000	82.561050	72.908928	68.493187	100.566360	82.153191	67.032364
	1669.112000	82.385437	72.895882	68.486778	100.253937	82.153084	67.056572
	1677.536000	82.172775	72.845558	68.485031	99.906929	82.088982	67.113297
	1685.958000	81.963509	72.802292	68.480934	99.545235	82.027878	67.153992
	1694.380000	81.775307	72.713387	68.584328	99.159279	81.883438	67.135628
	1702.804000	81.539665	72.719582	68.476364	98.781433	81.784592	67.148888
	1711.227000	81.278893	72.571640	68.458794	98.367317	81.582222	67.133568
	1719.652000	81.115868	72.573425	68.421150	98.006744	81.516251	67.187729
	1728.074000	80.866722	72.468018	68.403496	97.591042	81.411644	67.166550
	1736.496000	80.688133	72.457664	68.368835	97.178230	81.261703	67.133736
	1744.921000	80.479218	72.347107	68.342804	96.768166	81.083481	67.103569
	1753.346000	80.267685	72.259819	68.293076	96.379593	80.935074	67.125237
	1761.770000	79.994064	72.208977	68.288986	96.014221	80.794113	67.149559
	1770.196000	79.722862	72.086060	68.201530	95.596184	80.664589	67.112389
	1778.621000	79.569969	72.012238	68.179955	95.180908	80.453880	67.060249
	1787.044000	79.379112	71.930237	68.160500	94.786781	80.273109	67.004807
	1795.468000	79.218559	71.847153	68.125748	94.396339	80.107628	66.989670
	1803.893000	79.027046	71.718208	67.997185	94.074188	79.962921	66.958168
	1812.319000	78.930511	71.673447	67.994141	93.730621	79.766144	66.891045
	1820.743000	78.796150	71.514343	67.910385	93.528152	79.576546	66.839142
	1829.168000	78.746010	71.465111	67.904236	93.289444	79.399391	66.776077
	1837.592000	78.705330	71.363701	67.778236	93.108185	79.188271	66.640930
	1846.017000	78.689453	71.244926	67.741936	93.033386	79.020691	66.545914
	1854.440000	78.701424	71.206253	67.692009	92.970329	78.841896	66.485313
	1862.864000	78.706505	71.061462	67.631973	92.989456	78.736290	66.409439
	1871.288000	78.694611	70.989754	67.582924	92.974792	78.577774	66.401688
	1879.714000	78.813965	70.938835	67.554687	93.039749	78.429626	66.345840
	1888.136000	78.831207	70.881142	67.432755	93.139877	78.332352	66.257408
	1896.561000	78.978470	70.837067	67.399887	93.207527	78.246239	66.120529
	1904.986000	79.086494	70.791084	67.368332	93.419502	78.142159	66.081017
	1913.409000	79.196381	70.791206	67.312729	93.601135	78.053421	66.017654
	1921.834000	79.334473	70.727394	67.236954	93.804260	78.016571	65.965164
	1930.257000	79.471550	70.736824	67.245247	94.080536	78.012703	65.950966
	1938.682000	79.705559	70.755875	67.255592	94.309502	77.990318	65.887276
	1947.107000	79.774422	70.657677	67.186455	94.617332	78.007507	65.816856
	1955.528000	79.952370	70.627983	67.128311	94.918930	77.990036	65.761284
	1963.951000	80.153206	70.737595	67.151077	95.268463	78.026222	65.753922
	1972.376000	80.322906	70.720978	67.143845	95.561539	78.061378	65.721672
	1980.799000	80.536713	70.761963	67.105286	95.902382	78.122711	65.684204
	1989.224000	80.701134	70.748528	67.079002	96.243843	78.175026	65.634949
	1997.647000	80.871315	70.826561	67.060081	96.600967	78.255684	65.504875
	2006.072000	81.126770	70.899094	67.129906	96.966293	78.334137	65.495789
	2014.493000	81.406403	70.960960	67.219788	97.334213	78.420616	65.486015
	2022.917000	81.587128	70.984886	67.121956	97.749649	78.525208	65.465019
	2031.338000	81.811165	71.090157	67.161705	98.120033	78.633484	65.456184
	2039.761000	82.021614	71.053490	67.153458	98.547523	78.766182	65.400688
	2048.184000	82.229538	71.155228	67.154366	98.961777	78.911072	65.407867
	2056.608000	82.431633	71.225945	67.213196	99.329384	79.010674	65.455269
	2065.031000	82.631165	71.256950	67.190102	99.749878	79.111893	65.482727
	2073.455000	82.856346	71.358963	67.252281	100.144432	79.244316	65.507484
	2081.877000	83.095955	71.432762	67.260323	100.587364	79.485237	65.582336
	2090.301000	83.371178	71.583397	67.368622	101.014198	79.679596	65.592216
	2098.724000	83.606781	71.594040	67.433167	101.378120	79.802917	65.608070
	2107.148000	83.805809	71.759933	67.476486	101.807884	80.014694	65.700989
	2115.571000	84.013527	71.836189	67.534454	102.230247	80.218819	65.720642
	2123.994000	84.146606	71.858482	67.521217	102.565979	80.350853	65.757378
	2132.417000	84.364189	72.014938	67.611504	102.938522	80.557396	65.804199
	2140.839000	84.520462	72.170845	67.711555	103.248650	80.724426	65.849106
	2149.263000	84.555473	72.225990	67.706894	103.486053	80.927216	65.965576
	2157.687000	84.687355	72.354996	67.787376	103.708176	81.121460	65.964073
	2166.112000	84.681107	72.380371	67.837982	103.842133	81.329071	66.024117
	2174.535000	84.729080	72.490860	67.918510	103.957573	81.547676	66.173363
	2182.960000	84.750626	72.553398	67.961823	104.061272	81.675751	66.192566
	2191.383000	84.674660	72.728645	68.057846	104.051666	81.825317	66.260788
	2199.804000	84.664955	72.788841	68.141464	104.048225	81.987190	66.367012
	2208.227000	84.625038	72.857796	68.146950	103.959351	82.102348	66.440262
	2216.652000	84.570053	72.864738	68.231392	103.800606	82.163101	66.499207
	2225.074000	84.451561	72.921410	68.264259	103.758286	82.281578	66.646400
	2233.497000	84.356674	72.986557	68.354652	103.611420	82.399490	66.686157
	2241.920000	84.202385	72.998528	68.346230	103.420883	82.480255	66.800652
	2250.345000	84.110352	73.099731	68.437401	103.221916	82.522362	66.813187
	2258.769000	83.978065	73.100922	68.475510	102.955818	82.575516	66.873703
	2267.193000	83.850121	73.168068	68.554840	102.738846	82.579987	66.932076
	2275.616000	83.668358	73.130119	68.606514	102.456223	82.646957	66.956398
	2284.043000	83.437248	73.116402	68.543953	102.185768	82.570045	66.987709
	2292.467000	83.363724	73.168953	68.625877	101.910637	82.601959	67.127647
	2300.891000	83.112122	73.083649	68.571480	101.570503	82.566963	67.169914
	2309.307000	82.896530	73.065491	68.639969	101.245781	82.538742	67.285942
	2317.730000	82.701866	73.046234	68.617943	100.868057	82.460793	67.293503
	2326.153000	82.549995	73.018410	68.584839	100.555519	82.408348	67.318321
	2334.577000	82.341667	73.062248	68.707794	100.201103	82.341743	67.351677
	2343.002000	82.182343	72.991905	68.664017	99.833084	82.231071	67.360680
	2351.429000	81.957443	72.911011	68.602097	99.458725	82.129852	67.420189
	2359.852000	81.663422	72.896217	68.600365	99.062424	82.025078	67.388298
	2368.277000	81.571823	72.795258	68.578674	98.682022	81.920929	67.413452
	2376.700000	81.270630	72.746918	68.561493	98.292175	81.764450	67.415382
	2385.123000	81.074463	72.657600	68.559242	97.894341	81.676064	67.456528
	2393.547000	80.845139	72.607994	68.506393	97.506645	81.525040	67.420326
	2401.972000	80.606148	72.536339	68.454422	97.041817	81.319855	67.341194
	2410.393000	80.353767	72.369255	68.410820	96.648827	81.204674	67.373184
	2418.817000	80.183525	72.356010	68.417976	96.300171	81.061829	67.321091
	2427.240000	79.996613	72.254372	68.441925	95.829132	80.814041	67.196098
	2435.665000	79.711342	72.143517	68.308090	95.479012	80.687035	67.278618
	2444.088000	79.504967	72.067772	68.283669	95.068855	80.550392	67.196945
	2452.513000	79.345573	72.001892	68.239983	94.672462	80.322197	67.195183
	2460.939000	79.189331	71.882553	68.159325	94.358757	80.184105	67.181763
	2469.360000	79.074066	71.801659	68.115990	94.063187	80.004906	67.081818
	2477.783000	78.990074	71.716286	68.100281	93.786804	79.790718	67.014023
	2486.205000	78.940704	71.647903	68.046761	93.611053	79.644936	67.008492
	2494.629000	78.878304	71.523170	67.958183	93.465950	79.484985	66.943604
	2503.054000	78.874489	71.403618	67.886955	93.350716	79.289268	66.890160
	2511.476000	78.731255	71.178116	67.654449	93.277420	79.093628	66.816605
	2519.900000	78.872147	71.230553	67.734665	93.218376	78.958237	66.708168
	2528.323000	78.897812	71.143242	67.640884	93.275421	78.825806	66.623329
	2536.745000	78.962502	71.141022	67.672600	93.336967	78.698311	66.489532
	2545.169000	79.014534	70.993446	67.543518	93.464638	78.546432	66.359077
	2553.592000	79.169876	70.995247	67.545776	93.569885	78.445976	66.311516
	2562.014000	79.296051	70.961235	67.492020	93.747513	78.399063	66.337952
	2570.439000	79.377113	70.939629	67.428673	93.925568	78.353958	66.292336
	2578.862000	79.490883	70.865021	67.376038	94.159103	78.278168	66.251122
	2587.285000	79.646019	70.857903	67.356529	94.386383	78.265556	66.164856
	2595.709000	79.841751	70.881760	67.328354	94.662445	78.263474	66.063454
	2604.132000	79.925842	70.834068	67.265038	94.924263	78.261848	65.951950
	2612.556000	80.142143	70.902092	67.280815	95.228333	78.229607	65.901787
	2620.980000	80.345741	70.874893	67.243744	95.543205	78.283485	65.851814
	2629.402000	80.509750	70.904587	67.254875	95.847443	78.273575	65.839828
	2637.826000	80.710281	70.915115	67.272758	96.201637	78.359627	65.814484
	2646.248000	80.895004	70.898834	67.193626	96.541763	78.398415	65.767067
	2654.674000	81.112534	70.981125	67.226204	96.952339	78.525108	65.749596
	2663.098000	81.352730	71.045036	67.213562	97.287079	78.587982	65.749695
	2671.521000	81.520264	71.069984	67.223175	97.676880	78.670738	65.698799
	2679.945000	81.752586	71.130363	67.228775	98.079437	78.785599	65.645866
	2688.366000	81.967743	71.152733	67.210800	98.492165	78.888496	65.661942
	2696.788000	82.231941	71.205765	67.216171	98.833763	78.986618	65.709000
	2705.212000	82.371056	71.278374	67.306244	99.194023	79.103676	65.647934
	2713.637000	82.656013	71.389496	67.342232	99.631569	79.255333	65.652016
	2722.060000	82.903389	71.489410	67.377541	100.048607	79.408981	65.691345
	2730.483000	83.127350	71.557632	67.430916	100.453583	79.560417	65.671806
	2738.907000	83.304085	71.635727	67.444611	100.882469	79.728889	65.680328
	2747.331000	83.557434	71.686806	67.544792	101.287117	79.858307	65.706184
	2755.755000	83.772331	71.775970	67.520058	101.734390	80.109718	65.789223
	2764.179000	83.909218	71.822250	67.510414	102.103973	80.209892	65.735558
	2772.601000	84.201904	71.979507	67.595085	102.506844	80.404228	65.821350
	2781.025000	84.396896	72.124146	67.717346	102.910721	80.610268	65.880516
	2789.448000	84.470306	72.150520	67.713463	103.243858	80.810905	65.979469
	2797.872000	84.659225	72.303978	67.826439	103.512924	80.970848	66.087685
	2806.294000	84.779320	72.390961	67.842400	103.748985	81.218559	66.089462
	2814.720000	84.869919	72.477341	67.991890	103.995636	81.349319	66.188881
	2823.145000	84.880493	72.574074	68.019424	104.110077	81.521767	66.216248
	2831.568000	84.850899	72.614624	68.018959	104.199791	81.713676	66.296333
	2839.991000	84.852249	72.718849	68.097343	104.223328	81.859428	66.346077
	2848.416000	84.871315	72.854759	68.270470	104.262901	82.043106	66.498650
	2856.839000	84.841675	72.943840	68.236488	104.236221	82.199356	66.579277
	2865.263000	84.731224	72.969154	68.279007	104.178566	82.327858	66.622055
	2873.687000	84.693245	73.035248	68.368988	104.021782	82.394928	66.676994
	2882.111000	84.603363	73.094612	68.455208	103.950974	82.541321	66.815422
	2890.532000	84.457626	73.159363	68.495232	103.785530	82.595421	66.875031
	2898.953000	84.345718	73.223061	68.544762	103.606659	82.648567	66.940796
	2907.378000	84.217934	73.191864	68.576584	103.370888	82.693367	66.940437
	2915.800000	84.046326	73.212883	68.571251	103.148277	82.731491	67.068703
	2924.225000	83.852921	73.233650	68.616333	102.844574	82.719574	67.095314
	2932.648000	83.772957	73.268539	68.634964	102.599922	82.764641	67.181435
	2941.073000	83.612076	73.264290	68.671745	102.322769	82.776939	67.254501
	2949.496000	83.449272	73.286980	68.729980	102.038422	82.753868	67.305267
	2957.920000	83.220291	73.241013	68.758492	101.703758	82.719055	67.412849
	2966.344000	83.060379	73.206543	68.765968	101.383568	82.685280	67.455193
	2974.766000	82.861511	73.214714	68.780098	100.994667	82.607468	67.402824
	2983.190000	82.688416	73.187683	68.774376	100.664253	82.525116	67.419296
	2991.614000	82.458626	73.126663	68.743813	100.300629	82.408127	67.450874
	3000.037000	82.222664	73.084000	68.698372	99.957306	82.381393	67.475266
	3008.464000	82.047234	73.021385	68.734077	99.562668	82.278595	67.475174
	3016.887000	81.814316	72.943024	68.718948	99.198196	82.212830	67.527718
	3025.311000	81.631905	72.951103	68.726341	98.781593	82.110970	67.490723
	3033.737000	81.395355	72.877106	68.680962	98.400711	81.964806	67.491280
	3042.160000	81.182655	72.813652	68.686714	97.960258	81.787720	67.434525
	3050.585000	80.975685	72.733452	68.642464	97.618019	81.659454	67.491737
	3059.008000	80.716522	72.621017	68.588669	97.189781	81.501274	67.465126
	3067.431000	80.524055	72.571342	68.601334	96.773354	81.289673	67.441017
	3075.856000	80.236237	72.450645	68.565392	96.344749	81.154572	67.459724
	3084.279000	80.020363	72.328529	68.479431	95.953606	81.018669	67.443466
	3092.702000	79.769310	72.286949	68.386711	95.592575	80.822136	67.387184
	3101.127000	79.677200	72.169182	68.389709	95.162804	80.639839	67.353394
	3109.549000	79.489349	72.101425	68.339340	94.818573	80.504852	67.288055
	3117.974000	79.284271	71.990547	68.274719	94.463959	80.260712	67.234337
	3126.397000	79.157211	71.878380	68.203308	94.151306	80.055801	67.226074
	3134.822000	79.088402	71.775429	68.184669	93.927353	79.878738	67.130997
	3143.245000	79.070641	71.736588	68.136185	93.744576	79.700523	67.087959
	3151.668000	78.976974	71.545288	68.053017	93.602547	79.560371	67.069725
	3160.093000	79.001907	71.558777	68.006653	93.528946	79.415527	67.022476
	3168.515000	79.029083	71.492226	67.944649	93.438553	79.209496	66.870186
	3176.940000	79.038643	71.336327	67.951012	93.477760	79.085869	66.846222
	3185.363000	79.085373	71.300331	67.837273	93.500038	78.928635	66.778084
	3193.787000	79.120239	71.230690	67.812988	93.583992	78.842476	66.682228
	3202.211000	79.280876	71.176613	67.703629	93.668968	78.746811	66.499084
	3210.633000	79.283966	71.105217	67.644341	93.790840	78.608826	66.437820
	3219.059000	79.450768	71.114815	67.665627	93.966492	78.546646	66.427879
	3227.480000	79.589478	71.067665	67.565956	94.160011	78.448868	66.351562
	3235.905000	79.701042	71.026138	67.499413	94.400879	78.493568	66.338966
	3244.327000	79.793983	71.001289	67.424324	94.671455	78.442924	66.299057
	3252.752000	79.942863	70.953529	67.401306	94.880096	78.391319	66.167351
	3261.177000	80.181129	70.972466	67.434700	95.218529	78.382309	66.161545
	3269.601000	80.360481	71.022789	67.424973	95.515190	78.408676	66.108574
	3278.026000	80.566185	71.038490	67.393669	95.820885	78.468040	66.048256
	3286.447000	80.741158	71.042931	67.407066	96.187592	78.488182	66.039513
	3294.870000	80.920326	71.035751	67.318481	96.532837	78.564819	66.019211
	3303.293000	81.098579	71.098244	67.381012	96.869736	78.601944	65.929977
	3311.717000	81.358238	71.145866	67.377983	97.223747	78.665207	65.892380
	3320.141000	81.551033	71.165138	67.359886	97.592598	78.739754	65.884415
	3328.564000	81.789757	71.255753	67.403313	97.962563	78.845360	65.857544
	3336.988000	82.006348	71.284119	67.410378	98.353088	78.934677	65.776527
	3345.413000	82.180855	71.322670	67.373283	98.772766	79.078819	65.864609
	3353.840000	82.365677	71.374046	67.435928	99.143875	79.227989	65.775368
	3362.263000	82.643829	71.466454	67.436668	99.567299	79.314522	65.743149
	3370.688000	82.839195	71.532249	67.472923	99.953743	79.469391	65.775452
	3379.111000	83.108261	71.621742	67.505150	100.386887	79.635338	65.846130
	3387.533000	83.350616	71.694847	67.536560	100.868752	79.837875	65.920166
	3395.957000	83.589767	71.810539	67.609680	101.218201	79.948219	65.901016
	3404.381000	83.770187	71.839142	67.610550	101.612320	80.067345	65.912193
	3412.804000	84.014267	71.978546	67.668877	102.076851	80.287704	65.979065
	3421.228000	84.229599	72.013130	67.704628	102.473389	80.436333	65.989960
	3429.651000	84.404335	72.080482	67.819481	102.843994	80.631836	66.012665
	3438.074000	84.632973	72.240173	67.863701	103.233734	80.796043	66.059784
	3446.499000	84.795792	72.366394	67.866882	103.605949	81.025085	66.155273
	3454.922000	84.860062	72.415260	67.956589	103.843567	81.213135	66.207199
	3463.344000	84.964249	72.541565	67.975204	104.108910	81.434181	66.292831
	3471.768000	85.092598	72.705978	68.123901	104.277542	81.617943	66.291840
	3480.192000	85.076080	72.769218	68.160583	104.420097	81.803574	66.353722
	3488.615000	85.097214	72.842346	68.186752	104.542732	81.991241	66.485512
	3497.039000	85.134171	72.940903	68.370186	104.575111	82.149673	66.566963
	3505.461000	85.077797	72.978310	68.408768	104.571121	82.252998	66.604965
	3513.883000	85.031525	73.172905	68.441383	104.554306	82.430962	66.669701
	3522.308000	84.957802	73.099487	68.441978	104.470612	82.555893	66.751328
	3530.733000	84.868515	73.234612	68.551048	104.375664	82.640984	66.841034
	3539.156000	84.796227	73.261154	68.615883	104.255051	82.760925	66.952744
	3547.578000	84.643112	73.331154	68.620804	104.040672	82.813736	66.970268
	3556.001000	84.581657	73.332985	68.695549	103.866257	82.893112	67.050789
	3564.427000	84.402153	73.334663	68.622726	103.663574	82.909798	67.174118
	3572.853000	84.223412	73.379730	68.720764	103.430428	82.996880	67.241722
	3581.275000	84.076462	73.405907	68.807701	103.124001	82.968307	67.290886
	3589.698000	84.017769	73.481064	68.837051	102.892899	82.993858	67.377655
	3598.124000	83.778450	73.411972	68.884842	102.606262	83.027954	67.445007
	3606.547000	83.551071	73.405655	68.854912	102.300415	82.979904	67.396034
	3614.972000	83.401443	73.371170	68.861664	102.019264	82.966637	67.487793
	3623.395000	83.303474	73.470085	68.956741	101.634071	82.888969	67.544037
	3631.818000	83.034409	73.370544	68.918121	101.279854	82.847046	67.603447
	3640.239000	82.853256	73.349213	68.910072	100.911270	82.722679	67.560257
	3648.664000	82.652824	73.312050	68.907509	100.552094	82.650261	67.624939
	3657.087000	82.451958	73.223801	68.904953	100.202271	82.567123	67.705048
	3665.513000	82.197227	73.169014	68.880180	99.820717	82.462021	67.751045
	3673.938000	81.962730	73.117027	68.908165	99.420998	82.379822	67.744492
	3682.360000	81.719398	73.064217	68.869545	99.013268	82.229980	67.666626
	3690.787000	81.556541	73.014389	68.865082	98.628578	82.089676	67.602654
	3699.210000	81.304306	72.953804	68.777420	98.257622	82.005623	67.667168
	3707.635000	81.129440	72.876160	68.795563	97.879417	81.873253	67.642540
	3716.061000	80.897934	72.754257	68.797173	97.439812	81.695084	67.653259
	3724.484000	80.629501	72.696259	68.692818	97.069275	81.586739	67.640503
	3732.908000	80.433342	72.619980	68.651596	96.615570	81.379936	67.564102
	3741.331000	80.240204	72.538010	68.674126	96.197273	81.220238	67.560043
	3749.755000	80.084259	72.458397	68.626564	95.794189	81.058891	67.510757
	3758.179000	79.837135	72.370354	68.585922	95.432976	80.913254	67.504265
	3766.602000	79.645668	72.228622	68.500305	95.003189	80.645889	67.424797
	3775.027000	79.480316	72.167786	68.442184	94.705620	80.482414	67.458679
	3783.450000	79.403618	72.083992	68.380814	94.450066	80.347717	67.315659
	3791.874000	79.307083	71.970734	68.302811	94.234192	80.129448	67.267426
	3800.299000	79.295876	71.887337	68.289986	94.077522	79.960068	67.217186
	3808.722000	79.198654	71.757812	68.162697	93.906250	79.770172	67.150780
	3817.146000	79.250427	71.741745	68.207146	93.852104	79.606682	67.118347
	3825.570000	79.311180	71.661583	68.166138	93.834587	79.439575	67.037827
	3833.992000	79.359505	71.586151	68.004700	93.823692	79.324448	67.009995
	3842.416000	79.410034	71.538376	68.010315	93.880203	79.176117	66.900528
	3850.838000	79.482513	71.406662	67.911324	93.979713	79.071526	66.773155
	3859.263000	79.527771	71.353378	67.841049	94.102097	79.002335	66.710785
	3867.688000	79.654457	71.319420	67.814178	94.294693	78.867859	66.694786
	3876.113000	79.766861	71.287445	67.788605	94.427628	78.808937	66.619057
	3884.536000	79.850189	71.208977	67.714905	94.625381	78.715332	66.530426
	3892.958000	79.976280	71.132477	67.605576	94.918678	78.734741	66.515907
	3901.383000	80.165108	71.197548	67.610611	95.169922	78.703995	66.429161
	3909.808000	80.410828	71.168228	67.659470	95.402245	78.636726	66.318947
	3918.233000	80.525612	71.196609	67.608749	95.733330	78.656548	66.236717
	3926.656000	80.664650	71.180244	67.555237	96.013145	78.640396	66.221474
	3935.079000	80.841629	71.177536	67.527298	96.370461	78.688278	66.191872
	3943.503000	81.096733	71.232986	67.549080	96.708611	78.741577	66.173653
	3951.926000	81.301979	71.288773	67.551926	97.048897	78.818253	66.102692
	3960.352000	81.426300	71.277405	67.471756	97.435867	78.882431	66.063713
	3968.774000	81.694183	71.367836	67.501472	97.778084	78.968925	65.993629
	3977.197000	81.902138	71.333260	67.544388	98.162827	79.058968	66.006447
	3985.621000	82.127960	71.450386	67.563438	98.554901	79.155525	65.996445
	3994.043000	82.298119	71.425232	67.460312	98.959763	79.296127	66.041298
	4002.466000	82.548271	71.573524	67.562599	99.352112	79.387093	65.997704
	4010.888000	82.727058	71.598694	67.598335	99.733459	79.496613	65.986214
	4019.313000	83.024879	71.738014	67.602448	100.128563	79.658241	65.992699
	4027.735000	83.250938	71.736847	67.659981	100.557610	79.783394	65.960144
	4036.158000	83.466843	71.849716	67.689919	100.989616	79.938667	66.056839
	4044.583000	83.675224	71.898705	67.726097	101.361252	80.071259	66.070267
	4053.005000	83.895767	72.017105	67.759735	101.775101	80.244789	66.090042
	4061.428000	84.148605	72.108200	67.858452	102.197983	80.420105	66.133598
	4069.852000	84.374191	72.172272	67.868446	102.574242	80.613922	66.106216
	4078.276000	84.601799	72.278915	67.920128	103.034538	80.808777	66.195251
	4086.700000	84.765648	72.395409	67.995644	103.376884	80.965363	66.152161
	4095.122000	84.925804	72.535912	68.047516	103.757393	81.198692	66.229912
	4103.545000	85.135239	72.619583	68.099579	104.060585	81.367676	66.340286
	4111.968000	85.234535	72.719902	68.164886	104.296074	81.522400	66.398773
	4120.392000	85.241501	72.763763	68.240860	104.563072	81.712029	66.475433
	4128.814000	85.305733	72.860229	68.269524	104.713104	81.919052	66.553421
	4137.237000	85.379616	73.009872	68.318146	104.796394	82.108009	66.647980
	4145.660000	85.363953	73.111305	68.440964	104.900414	82.297134	66.666313
	4154.083000	85.372360	73.212044	68.481918	104.957954	82.460571	66.721794
	4162.509000	85.359436	73.255280	68.538246	104.913445	82.581726	66.850777
	4170.931000	85.231789	73.333534	68.601639	104.942696	82.754715	67.008224
	4179.357000	85.351006	73.410683	68.701988	104.763847	82.837570	67.031937
	4187.781000	85.060768	73.455078	68.712929	104.695045	82.940376	67.154022
	4196.204000	85.031410	73.505020	68.787209	104.573257	83.067421	67.184547
	4204.630000	84.918343	73.585243	68.828033	104.335396	83.069687	67.221436
	4213.054000	84.782043	73.612907	68.899269	104.139412	83.169884	67.333107
	4221.479000	84.584427	73.577484	68.877357	103.891205	83.190712	67.349129
	4229.904000	84.496147	73.628143	68.965179	103.702545	83.272675	67.446457
	4238.324000	84.317894	73.612282	69.027481	103.391891	83.268852	67.532753
	4246.750000	84.102699	73.587692	68.973305	103.131462	83.259125	67.586998
	4255.174000	83.936066	73.620316	69.016945	102.792900	83.183479	67.609253
	4263.597000	83.808212	73.646317	69.096825	102.458458	83.222610	67.647934
	4272.021000	83.555443	73.593773	69.008278	102.204514	83.185257	67.713982
	4280.443000	83.419899	73.573822	69.067635	101.798691	83.112099	67.705956
	4288.866000	83.234459	73.567696	69.138519	101.484940	83.065239	67.848030
	4297.288000	82.985786	73.514648	69.091179	101.096588	82.985695	67.774673
	4305.710000	82.772720	73.455009	69.091805	100.709312	82.860168	67.815147
	4314.134000	82.618851	73.394028	69.072746	100.355888	82.774391	67.817413
	4322.556000	82.273148	73.256119	68.912758	100.001778	82.744270	67.877403
	4330.982000	82.125031	73.257019	69.052124	99.588959	82.592682	67.901886
	4339.404000	81.876305	73.211197	68.940025	99.186646	82.460640	67.905113
	4347.826000	81.656105	73.168442	69.012337	98.822510	82.332321	67.891426
	4356.251000	81.453896	73.048805	68.934822	98.414612	82.196182	67.868759
	4364.674000	81.278862	72.991615	68.946831	97.993782	82.059944	67.886818
	4373.099000	81.037659	72.933113	68.892662	97.580215	81.895782	67.853539
	4381.520000	80.830353	72.910782	68.866196	97.172195	81.749680	67.764046
	4389.945000	80.570801	72.743874	68.831024	96.752876	81.578285	67.736832
	4398.368000	80.357201	72.637810	68.802620	96.337540	81.373863	67.793053
	4406.792000	80.182556	72.607552	68.735214	95.954712	81.206345	67.750221
	4415.217000	79.933739	72.479996	68.661926	95.565407	81.030701	67.716911
	4423.638000	79.761002	72.381294	68.575340	95.185616	80.845230	67.605423
	4432.062000	79.703651	72.322128	68.600266	94.872482	80.671776	67.525223
	4440.484000	79.571114	72.233368	68.544258	94.612648	80.524567	67.532043
	4448.908000	79.469635	72.087212	68.446404	94.354416	80.262520	67.433586
	4457.333000	79.423820	71.953407	68.353340	94.192856	80.065109	67.280334
	4465.757000	79.438446	71.946030	68.340919	94.100624	79.899200	67.261765
	4474.182000	79.433678	71.868851	68.248108	94.076683	79.751595	67.247078
	4482.610000	79.409767	71.743431	68.186363	93.955299	79.579323	67.098320
	4491.031000	79.475037	71.635452	68.134956	94.018608	79.472130	67.064659
	4499.456000	79.519569	71.549828	68.040802	94.063675	79.341484	67.015800
	4507.879000	79.592262	71.504494	67.982613	94.150581	79.213562	66.949242
	4516.304000	79.637268	71.418190	67.963211	94.314011	79.138718	66.864029
	4524.728000	79.763916	71.414886	67.936066	94.449295	79.001701	66.753960
	4533.150000	79.856949	71.366295	67.830124	94.619217	78.939041	66.689880
	4541.574000	80.041176	71.373596	67.848442	94.820442	78.888527	66.637711
	4549.997000	80.121033	71.355591	67.792358	95.015999	78.791550	66.561073
	4558.622000	80.291710	71.318176	67.782211	95.313354	78.833527	66.574409
	4567.047000	80.393074	71.271477	67.689629	95.568672	78.805183	66.460732
